4
10 0 32 54 263 22 34 780 18 53 182 33 67 793 20 22 225 19 2 575 5 3 966 16 30 643 39 31 453 0 83 72
10 2 4 60 540 12 30 127 7 11 172 14 14 310 6 51 411 36 8 751 3 7 170 25 41 531 35 29 328 23 21 781
10 0 27 21 166 21 38 876 1 22 125 31 9 658 30 47 581 17 22 197 37 18 140 13 36 277 2 79 272 10 44 987
10 1 8 37 856 11 72 912 28 89 531 9 88 609 34 30 484 24 37 0 15 76 993 38 85 610 26 42 318 29 46 588
UPD 7 78 161
UPD 1 195 125
UPD 38 89 600
UPD 23 97 799
UPD 24 215 0
ADD 0 40 78 177
ADD 1 41 61 514
UPD 20 222 210
ADD 1 42 72 505
ADD 3 43 78 782
ADD 2 44 38 833
ADD 2 45 29 313
UPD 33 339 805
UPD 35 201 326
ADD 0 46 4 137
UPD 26 257 326
UPD 19 177 578
ADD 0 47 38 183
ADD 3 48 25 120
UPD 1 200 138
END
