4
10 1 32 69 198 1 57 435 2 16 223 9 33 38 28 70 550 31 5 694 16 11 195 26 10 163 8 53 108 17 59 909
10 0 35 44 977 33 66 217 38 85 891 24 36 363 10 77 72 15 82 255 22 0 628 19 22 77 20 58 681 0 40 26
10 2 11 50 0 29 54 341 36 30 413 7 59 47 12 74 450 25 43 27 39 20 436 3 66 542 23 43 691 21 42 120
10 2 30 10 442 34 31 850 13 39 235 37 50 576 4 85 841 5 68 742 6 16 228 14 1 156 18 74 675 27 62 894
ADD 1 40 88 709
MOV 3 1
MOV 2 1
MOV 0 3
ADD 3 41 61 401
UPD 28 218 566
CHG 1 2 13 0
MOV 3 0
CHG 3 2 9 2
UPD 34 222 836
UPD 9 125 28
MOV 0 3
ADD 2 42 21 864
ADD 3 43 65 393
UPD 5 133 749
UPD 39 202 442
CHG 3 2 1 2
CHG 0 2 7 1
MOV 2 0
UPD 12 167 435
END
