4
10 3 13 62 766 21 78 515 25 41 114 0 81 85 30 32 397 31 66 570 14 2 7 12 52 803 27 44 497 8 37 905
10 0 33 4 68 11 89 902 20 54 154 26 10 91 36 1 341 38 4 447 28 5 22 3 4 907 9 72 634 7 47 800
10 0 6 11 754 4 26 956 5 47 38 32 58 590 24 3 946 1 0 255 17 51 959 18 10 345 16 17 504 39 52 350
10 0 10 73 781 22 7 187 23 37 17 15 0 172 37 37 870 35 32 437 29 84 606 19 43 920 2 81 948 34 57 688
ADD 3 40 59 738
MOV 3 0
ADD 3 41 51 657
ADD 2 42 77 497
MOV 1 3
UPD 20 272 159
UPD 40 273 749
UPD 1 211 262
ADD 0 43 51 155
UPD 40 331 731
CHG 1 3 9 0
UPD 23 344 33
UPD 23 359 31
CHG 2 3 2 0
MOV 0 3
KIA 11
UPD 40 355 731
MOV 3 0
UPD 23 359 29
UPD 7 87 799
END
