4
10 2 11 31 448 28 17 452 1 45 641 22 44 240 29 41 73 0 62 99 31 63 723 9 52 943 5 36 150 14 47 673
10 2 35 11 910 27 10 694 8 74 877 39 46 796 36 40 868 37 87 434 13 31 436 21 86 312 24 62 675 3 30 950
10 3 32 21 620 7 46 910 23 60 422 19 75 666 26 55 731 12 80 503 33 54 64 38 37 436 17 87 375 4 72 539
10 3 18 58 470 6 33 324 10 79 367 34 15 810 2 15 135 25 76 903 20 6 511 15 78 281 16 21 893 30 74 398
ADD 0 40 15 776
ADD 3 41 11 777
ADD 3 42 82 688
ADD 1 43 62 534
ADD 1 44 9 416
ADD 0 45 26 722
ADD 2 46 49 145
ADD 2 47 17 99
ADD 1 48 18 733
ADD 0 49 40 387
ADD 2 50 2 858
ADD 0 51 74 897
ADD 2 52 61 661
ADD 2 53 37 614
ADD 2 54 81 742
ADD 0 55 25 58
ADD 3 56 59 297
ADD 3 57 59 329
ADD 0 58 7 618
ADD 3 59 4 355
END
