4
10 1 26 1 498 39 15 722 38 26 307 9 10 436 20 22 604 22 13 77 13 58 482 36 78 670 34 49 676 23 56 912
10 1 12 4 253 3 87 388 25 75 178 21 10 996 33 1 455 17 15 621 10 24 647 31 83 200 35 85 645 16 50 776
10 2 2 32 460 4 67 648 29 78 420 32 67 942 30 16 777 27 88 261 28 66 680 8 62 680 24 45 444 14 17 161
10 0 5 2 36 18 48 826 6 38 208 7 26 715 11 51 137 37 28 369 19 62 369 1 88 465 0 36 814 15 1 290
MOV 1 3
UPD 27 307 261
ADD 2 40 66 2
ADD 0 41 1 9
UPD 28 318 696
ADD 2 42 80 127
UPD 34 72 665
ADD 0 43 77 485
UPD 33 343 444
ADD 1 44 10 356
MOV 1 0
MOV 3 1
UPD 4 244 664
UPD 21 53 978
ADD 1 45 62 218
ADD 3 46 79 415
ADD 2 47 25 971
UPD 45 320 200
MOV 0 2
MOV 1 3
END
