22 0 628
27 62 894 22 0 628
12 74 450 22 0 628
1 57 435 27 62 894
27 62 894
27 62 894

 Menor R
 |1|27|894 
 |2|6|228  |3|13|235 
 |4|37|576  |5|41|401  |6|5|742  |7|30|442 
 |8|34|850  |9|18|675  |10|4|841  |11|28|566 

 Menor R
 |1|27|894 
 |2|6|228  |3|13|235 
 |4|37|576  |5|41|401  |6|5|742  |7|30|442 
 |8|34|850  |9|18|675  |10|4|841  |11|28|566 

 Menor R
 |1|27|894 
 |2|6|228  |3|13|235 
 |4|37|576  |5|41|401  |6|5|742  |7|30|442 
 |8|34|850  |9|18|675  |10|4|841  |11|28|566 

 Menor R
 |1|27|894 
 |2|6|228  |3|13|235 
 |4|37|576  |5|41|401  |6|5|742  |7|30|442 
 |8|34|850  |9|18|675  |10|4|841  |11|28|566 

 Menor R
 |1|27|894 
 |2|6|228  |3|13|235 
 |4|37|576  |5|41|401  |6|5|742  |7|30|442 
 |8|34|850  |9|18|675  |10|4|841  |11|28|566 

 Menor R
 |1|27|894 
 |2|6|228  |3|13|235 
 |4|37|576  |5|41|401  |6|5|742  |7|30|442 
 |8|34|850  |9|18|675  |10|4|841  |11|28|566 

 Menor R
 |1|27|894 
 |2|6|228  |3|13|235 
 |4|37|576  |5|41|401  |6|5|742  |7|30|442 
 |8|34|850  |9|18|675  |10|4|841  |11|28|566 

 Menor R
 |1|27|894 
 |2|6|228  |3|13|235 
 |4|37|576  |5|41|401  |6|5|742  |7|30|442 
 |8|34|850  |9|18|675  |10|4|841  |11|28|566 

 Menor R
 |1|27|894 
 |2|6|228  |3|13|235 
 |4|37|576  |5|41|401  |6|5|742  |7|30|442 
 |8|34|850  |9|18|675  |10|4|841  |11|28|566 

 Menor R
 |1|27|894 
 |2|6|228  |3|13|235 
 |4|37|576  |5|41|401  |6|5|742  |7|30|442 
 |8|34|850  |9|18|675  |10|4|841  |11|28|566 

 Menor R
 |1|27|894 
 |2|6|228  |3|13|235 
 |4|37|576  |5|41|401  |6|5|742  |7|30|442 
 |8|34|850  |9|18|675  |10|4|841  |11|28|566 

 Menor R
 |1|27|894 
 |2|6|228  |3|13|235 
 |4|37|576  |5|41|401  |6|5|742  |7|30|442 
 |8|34|850  |9|18|675  |10|4|841  |11|28|566 

 Menor R
 |1|27|894 
 |2|6|228  |3|13|235 
 |4|37|576  |5|41|401  |6|5|742  |7|30|442 
 |8|34|850  |9|18|675  |10|4|841  |11|28|566 
-1 -1 -1 11 50 0
28 218 566 1 57 435

 Menor R
 |1|28|566 
 |2|6|228  |3|13|235 
 |4|37|576  |5|41|401  |6|5|742  |7|30|442 
 |8|34|850  |9|18|675  |10|4|841 

 Menor R
 |1|4|841 
 |2|6|228  |3|13|235 
 |4|37|576  |5|41|401  |6|5|742  |7|30|442 
 |8|34|850  |9|18|675 

 Menor R
 |1|18|675 
 |2|6|228  |3|13|235 
 |4|37|576  |5|41|401  |6|5|742  |7|30|442 
 |8|34|850 

 Menor R
 |1|34|850 
 |2|6|228  |3|13|235 
 |4|37|576  |5|41|401  |6|5|742  |7|30|442 


 Menor R
 |1|11|0 
 |2|10|72  |3|25|27 
 |4|33|217  |5|7|47  |6|36|413  |7|39|436 
 |8|12|450  |9|15|255  |10|14|156  |11|19|77  |12|18|675  |13|40|709  |14|0|26  |15|20|681  |16|3|542  |17|29|341  |18|23|691  |19|24|363  |20|35|977  |21|22|628  |22|21|120  |23|28|566 
 |24|38|891  |25|4|841  |26|34|850 

 Menor R
 |1|11|0 
 |2|10|72  |3|25|27 
 |4|33|217  |5|7|47  |6|36|413  |7|39|436 
 |8|12|450  |9|15|255  |10|14|156  |11|19|77  |12|18|675  |13|30|442  |14|0|26  |15|20|681  |16|3|542  |17|29|341  |18|23|691  |19|24|363  |20|35|977  |21|22|628  |22|21|120  |23|28|566 
 |24|38|891  |25|4|841  |26|34|850  |27|40|709 

 Menor R
 |1|11|0 
 |2|10|72  |3|25|27 
 |4|33|217  |5|7|47  |6|36|413  |7|39|436 
 |8|12|450  |9|15|255  |10|14|156  |11|19|77  |12|18|675  |13|30|442  |14|0|26  |15|20|681  |16|3|542  |17|29|341  |18|23|691  |19|24|363  |20|35|977  |21|22|628  |22|21|120  |23|28|566 
 |24|38|891  |25|4|841  |26|34|850  |27|40|709  |28|5|742 

 Menor R
 |1|11|0 
 |2|10|72  |3|25|27 
 |4|33|217  |5|7|47  |6|36|413  |7|39|436 
 |8|12|450  |9|15|255  |10|14|156  |11|19|77  |12|18|675  |13|30|442  |14|0|26  |15|20|681  |16|3|542  |17|29|341  |18|23|691  |19|24|363  |20|35|977  |21|22|628  |22|21|120  |23|28|566 
 |24|38|891  |25|4|841  |26|34|850  |27|40|709  |28|5|742  |29|41|401 

 Menor R
 |1|11|0 
 |2|10|72  |3|25|27 
 |4|33|217  |5|7|47  |6|36|413  |7|39|436 
 |8|12|450  |9|15|255  |10|14|156  |11|19|77  |12|18|675  |13|30|442  |14|0|26  |15|37|576  |16|3|542  |17|29|341  |18|23|691  |19|24|363  |20|35|977  |21|22|628  |22|21|120  |23|28|566 
 |24|38|891  |25|4|841  |26|34|850  |27|40|709  |28|5|742  |29|41|401  |30|20|681 
6 16 228 11 50 0
11 50 0
